###0### start: 00:00:00
full_route: full_reward: state_info: start_end_time:  0.00000    2248.00000   
actual_route: P83   N84   N85   N86   N87   L97   
mass:  0.00000    40.00000   
actual_reward:  0.05894    0.05894    0.05894    0.05894    0.05894   
plan: L97   
mass_type: 0   
state_plan: <helper.State object at 0x7facce5bd790>   
waiting_time:  1511.00000   
time_since_last_used_node:  1.00000   
mass_end:  40.00000   
driving_time:  524.80000   
plan_reward:  11.39349   
coffee_state: [ 4.68571429 10.         14.44642857 12.01971054]   
coffee_pred: tensor([12.6252, 14.9088], grad_fn=<AddBackward0>)   

###1### start: 00:37:28
full_route: full_reward: state_info: start_end_time:  2248.00000    2716.00000   
actual_route: L97   N87   N77   N67   D57   
mass:  40.00000    0.00000   
actual_reward:  12.27668    12.27668    12.27668    12.27668   
state_plan: <helper.State object at 0x7fad1c68c0d0>   
plan: D57   
mass_type: 0   
waiting_time:  0.00000   
time_since_last_used_node:  263.00000   
mass_end:  0.00000   
driving_time:  436.60000   
plan_reward:  19.22850   

###2### start: 00:45:16
full_route: full_reward: state_info: start_end_time:  2716.00000    3375.00000   
actual_route: D57   N47   N37   N27   L17   
mass:  0.00000    40.00000   
actual_reward:  8.43322    8.43322    8.43322    8.43322   
state_plan: <helper.State object at 0x7faccee06910>   
plan: L17   
mass_type: 0   
waiting_time:  0.00000   
time_since_last_used_node:  192.00000   
mass_end:  40.00000   
driving_time:  467.20000   
plan_reward:  20.55552   
coffee_state: [ 4.17142857  4.2625      9.37857143 22.22953033]   
coffee_pred: tensor([19.8604, 24.8725], grad_fn=<AddBackward0>)   

###3### start: 00:56:15
full_route: full_reward: state_info: start_end_time:  3375.00000    4377.00000   
actual_route: L17   N16   L15   N14   N13   N23   N33   L32   N31   N30   N40   N50   D60   
mass:  40.00000   
actual_reward:  0.16529    0.16529    0.16529    0.16529    0.16529    0.16529    0.16529    0.16529    0.16529    0.16529    0.16529    0.16529   
state_plan: <helper.State object at 0x7facc0501be0>   
plan: D60   
mass_type: 0   
waiting_time:  0.00000   
time_since_last_used_node:  3.00000   
mass_end:  0.00000   
driving_time:  968.00000   
plan_reward:  13.44008   

