###0### start: 00:00:00
full_route: full_reward: state_info: start_end_time:  0.00000    2002.00000   
actual_route: P83   N82   L72   
mass:  0.00000    40.00000   
actual_reward:  0.06665    0.06665   
plan: L72   
mass_type: 0   
state_plan: <helper.State object at 0x7facc17fdf70>   
waiting_time:  1518.00000   
time_since_last_used_node:  1.00000   
mass_end:  40.00000   
driving_time:  282.40000   
plan_reward:  17.22175   
coffee_state: [ 2.52142857 10.          9.13214286 16.44644928]   
coffee_pred: tensor([12.6141, 18.9277], grad_fn=<AddBackward0>)   

###1### start: 00:33:22
full_route: full_reward: state_info: start_end_time:  2002.00000    2353.00000   
actual_route: L72   N62   N61   D60   
mass:  40.00000    0.00000   
actual_reward:  10.38149    10.38149    10.38149   
state_plan: <helper.State object at 0x7faca858f820>   
plan: D60   
mass_type: 0   
waiting_time:  0.00000   
time_since_last_used_node:  161.00000   
mass_end:  0.00000   
driving_time:  319.80000   
plan_reward:  40.68168   

###2### start: 00:40:42
full_route: full_reward: state_info: start_end_time:  2442.00000    3422.00000   
actual_route: D60   N50   N40   N30   N31   L32   N33   N23   N13   N14   L15   
mass:  0.00000    40.00000   
actual_reward:  9.47903    9.47903    9.47903    9.47903    9.47903    9.47903    9.47903    9.47903    9.47903    9.47903   
state_plan: <helper.State object at 0x7facc1cbba00>   
plan: L15   
mass_type: 0   
coffee_break:  89.00000   
waiting_time:  0.00000   
time_since_last_used_node:  368.00000   
mass_end:  40.00000   
driving_time:  787.00000   
plan_reward:  12.52166   
coffee_state: [ 7.02678571  5.4625      8.86428571 12.68679047]   
coffee_pred: tensor([10.6118, 10.6826], grad_fn=<AddBackward0>)   

###3### start: 00:57:02
full_route: full_reward: state_info: start_end_time:  3422.00000    4242.00000   
actual_route: L15   N14   N13   N23   N33   L32   N31   N30   N40   N50   D60   
mass:  40.00000   
actual_reward:  3.37992    3.37992    3.37992    3.37992    3.37992    3.37992    3.37992    3.37992    3.37992    3.37992   
state_plan: <helper.State object at 0x7faca86731c0>   
plan: D60   
mass_type: 0   
waiting_time:  0.00000   
time_since_last_used_node:  128.00000   
mass_end:  0.00000   
driving_time:  787.00000   
plan_reward:  16.53113   

