###0### start: 00:00:00
full_route: full_reward: state_info: start_end_time:  0.00000    1812.00000   
actual_route: P83   N82   L72   
mass:  0.00000    40.00000   
actual_reward:  0.07452    0.07452   
plan: L72   
mass_type: 0   
state_plan: <helper.State object at 0x7faccdb38e80>   
waiting_time:  1328.00000   
time_since_last_used_node:  1.00000   
mass_end:  40.00000   
driving_time:  282.40000   
plan_reward:  18.13392   
coffee_state: [ 2.52142857 10.          9.13214286 18.3901844 ]   
coffee_pred: tensor([ 9.4007, 20.1144], grad_fn=<AddBackward0>)   

###1### start: 00:30:12
full_route: full_reward: state_info: start_end_time:  1812.00000    2163.00000   
actual_route: L72   N62   N61   D60   
mass:  40.00000    0.00000   
actual_reward:  10.38149    10.38149    10.38149   
state_plan: <helper.State object at 0x7facc01edf10>   
plan: D60   
mass_type: 0   
waiting_time:  0.00000   
time_since_last_used_node:  161.00000   
mass_end:  0.00000   
driving_time:  319.80000   
plan_reward:  40.68168   

###2### start: 00:36:03
full_route: full_reward: state_info: start_end_time:  2163.00000    3245.00000   
actual_route: D60   N50   N40   N30   N31   L32   N33   N23   N13   N14   L15   
mass:  0.00000    40.00000   
actual_reward:  0.13498    0.13498    0.13498    0.13498    0.13498    0.13498    0.13498    0.13498    0.13498    0.13498   
state_plan: <helper.State object at 0x7facc02b9670>   
plan: L15   
mass_type: 0   
waiting_time:  102.00000   
time_since_last_used_node:  1.00000   
mass_end:  40.00000   
driving_time:  787.00000   
plan_reward:  10.16724   
coffee_state: [ 7.02678571 10.          8.16964286 11.4960146 ]   
coffee_pred: tensor([ 7.4421, 13.0359], grad_fn=<AddBackward0>)   

###3### start: 00:54:05
full_route: full_reward: state_info: start_end_time:  3245.00000    4065.00000   
actual_route: L15   N14   N13   N23   N33   L32   N31   N30   N40   N50   D60   
mass:  40.00000   
actual_reward:  17.50953    17.50953    17.50953    17.50953    17.50953    17.50953    17.50953    17.50953    17.50953    17.50953   
state_plan: <helper.State object at 0x7facc009d520>   
plan: D60   
mass_type: 0   
waiting_time:  0.00000   
time_since_last_used_node:  684.00000   
mass_end:  0.00000   
driving_time:  787.00000   
plan_reward:  16.53113   

