###0### start: 00:00:00
full_route: full_reward: state_info: start_end_time:  0.00000    2083.00000   
actual_route: P83   N73   D63   N53   N43   N33   N23   N13   N14   L15   N16   L17   N7   L8   
mass:  0.00000    40.00000   
actual_reward:  0.06417    0.06417    0.06417    0.06417    0.06417    0.06417    0.06417    0.06417    0.06417    0.06417    0.06417    0.06417    0.06417   
plan: L8   
mass_type: 0   
state_plan: <helper.State object at 0x7facceb2fbe0>   
waiting_time:  750.00000   
time_since_last_used_node:  1.00000   
mass_end:  40.00000   
driving_time:  1120.00000   
plan_reward:  6.69928   
coffee_state: [10.         10.         15.30178571  8.84692669]   
coffee_pred: None   

###1### start: 00:34:43
full_route: full_reward: state_info: start_end_time:  2083.00000    3151.00000   
actual_route: L8   N7   L17   N16   L15   N14   N13   N23   N33   L32   N31   N30   N40   N50   D60   
mass:  40.00000    0.00000   
actual_reward:  3.21332    3.21332    3.21332    3.21332    3.21332    3.21332    3.21332    3.21332    3.21332    3.21332    3.21332    3.21332    3.21332    3.21332   
state_plan: <helper.State object at 0x7faccf3b4c40>   
plan: D60   
mass_type: 0   
waiting_time:  0.00000   
time_since_last_used_node:  161.00000   
mass_end:  0.00000   
driving_time:  1033.20000   
plan_reward:  11.90084   

###2### start: 00:52:31
full_route: full_reward: state_info: start_end_time:  3151.00000    4190.00000   
actual_route: D60   N61   N62   D63   N73   N74   N75   N85   N86   N87   L97   
mass:  0.00000    40.00000   
actual_reward:  0.14201    0.14201    0.14201    0.14201    0.14201    0.14201    0.14201    0.14201    0.14201    0.14201   
state_plan: <helper.State object at 0x7faccf3c0550>   
plan: L97   
mass_type: 0   
waiting_time:  2.00000   
time_since_last_used_node:  1.00000   
mass_end:  40.00000   
driving_time:  843.00000   
plan_reward:  9.64275   
coffee_state: [ 7.52678571  4.15714286  9.79642857 15.90998745]   
coffee_pred: None   

###3### start: 01:09:50
full_route: full_reward: state_info: start_end_time:  4190.00000    4763.00000   
actual_route: L97   N87   N86   N85   N75   N74   N73   D63   
mass:  40.00000    0.00000   
actual_reward:  12.62495    12.62495    12.62495    12.62495    12.62495    12.62495    12.62495   
state_plan: <helper.State object at 0x7facc0f16b80>   
plan: D63   
mass_type: 0   
waiting_time:  0.00000   
time_since_last_used_node:  336.00000   
mass_end:  0.00000   
driving_time:  540.20000   
plan_reward:  24.08367   

###4### start: 01:19:23
full_route: full_reward: state_info: start_end_time:  4763.00000    5549.00000   
actual_route: D63   N53   N43   N33   N23   N13   N14   L15   
mass:  0.00000    40.00000   
actual_reward:  3.06501    3.06501    3.06501    3.06501    3.06501    3.06501    3.06501   
state_plan: <helper.State object at 0x7fad1cbe9fd0>   
plan: L15   
mass_type: 0   
waiting_time:  0.00000   
time_since_last_used_node:  86.00000   
mass_end:  40.00000   
driving_time:  593.80000   
plan_reward:  14.47035   
coffee_state: [ 5.30178571 10.         13.69285714 15.89398384]   
coffee_pred: None   

###5### start: 01:32:29
full_route: full_reward: state_info: start_end_time:  5549.00000    6175.00000   
actual_route: L15   N14   N13   N23   N33   N43   N53   D63   
mass:  40.00000   
actual_reward:  8.45402    8.45402    8.45402    8.45402    8.45402    8.45402    8.45402   
state_plan: <helper.State object at 0x7facc0f2f3a0>   
plan: D63   
mass_type: 0   
waiting_time:  0.00000   
time_since_last_used_node:  246.00000   
mass_end:  0.00000   
driving_time:  593.80000   
plan_reward:  21.90973   

