###0### start: 00:00:00
full_route: full_reward: state_info: start_end_time:  0.00000    2056.00000   
actual_route: P83   N84   N85   N86   N87   L97   
mass:  0.00000    40.00000   
actual_reward:  0.06512    0.06512    0.06512    0.06512    0.06512   
plan: L97   
mass_type: 0   
state_plan: <helper.State object at 0x7facfac35ac0>   
waiting_time:  1318.00000   
time_since_last_used_node:  1.00000   
mass_end:  40.00000   
driving_time:  524.80000   
plan_reward:  11.79211   
coffee_state: [ 4.68571429 10.         14.44642857 12.30212307]   
coffee_pred: tensor([12.4858, 15.2758], grad_fn=<AddBackward0>)   

###1### start: 00:34:16
full_route: full_reward: state_info: start_end_time:  2056.00000    2524.00000   
actual_route: L97   N87   N77   N67   D57   
mass:  40.00000    0.00000   
actual_reward:  7.60421    7.60421    7.60421    7.60421   
state_plan: <helper.State object at 0x7facfb0bdac0>   
plan: D57   
mass_type: 0   
waiting_time:  0.00000   
time_since_last_used_node:  161.00000   
mass_end:  0.00000   
driving_time:  436.60000   
plan_reward:  21.09958   

###2### start: 00:42:04
full_route: full_reward: state_info: start_end_time:  2524.00000    3390.00000   
actual_route: D57   N47   N37   N27   L17   N7   L8   
mass:  0.00000    40.00000   
actual_reward:  0.17820    0.17820    0.17820    0.17820    0.17820    0.17820   
state_plan: <helper.State object at 0x7fad1cdf5ca0>   
plan: L8   
mass_type: 0   
waiting_time:  141.00000   
time_since_last_used_node:  1.00000   
mass_end:  40.00000   
driving_time:  532.40000   
plan_reward:  14.78342   
coffee_state: [ 4.75357143  9.40357143  9.96071429 18.14552307]   
coffee_pred: tensor([14.3475, 17.6605], grad_fn=<AddBackward0>)   

###3### start: 00:56:30
full_route: full_reward: state_info: start_end_time:  3390.00000    4458.00000   
actual_route: L8   N7   L17   N16   L15   N14   N13   N23   N33   L32   N31   N30   N40   N50   D60   
mass:  40.00000   
actual_reward:  12.81456    12.81456    12.81456    12.81456    12.81456    12.81456    12.81456    12.81456    12.81456    12.81456    12.81456    12.81456    12.81456    12.81456   
state_plan: <helper.State object at 0x7faccf2a9eb0>   
plan: D60   
mass_type: 0   
waiting_time:  0.00000   
time_since_last_used_node:  657.00000   
mass_end:  0.00000   
driving_time:  1033.20000   
plan_reward:  12.59195   

