###0### start: 00:00:00
full_route: full_reward: state_info: start_end_time:  0.00000    2247.00000   
actual_route: P83   N84   N85   N86   N87   L97   
mass:  0.00000    40.00000   
actual_reward:  0.05903    0.05903    0.05903    0.05903    0.05903   
plan: L97   
mass_type: 0   
state_plan: <helper.State object at 0x7fad1c941f70>   
waiting_time:  1508.00000   
time_since_last_used_node:  1.00000   
mass_end:  40.00000   
driving_time:  524.80000   
plan_reward:  11.39948   
coffee_state: [ 4.68571429 10.         14.44642857 12.23209858]   
coffee_pred: tensor([12.4479, 15.2235], grad_fn=<AddBackward0>)   

###1### start: 00:37:27
full_route: full_reward: state_info: start_end_time:  2247.00000    2715.00000   
actual_route: L97   N87   N77   N67   D57   
mass:  40.00000    0.00000   
actual_reward:  6.18415    6.18415    6.18415    6.18415   
state_plan: <helper.State object at 0x7facfb0d4c40>   
plan: D57   
mass_type: 0   
waiting_time:  0.00000   
time_since_last_used_node:  130.00000   
mass_end:  0.00000   
driving_time:  436.60000   
plan_reward:  19.22850   

###2### start: 00:45:15
full_route: full_reward: state_info: start_end_time:  2715.00000    3963.00000   
actual_route: D57   N47   N37   N27   L17   N7   L8   
mass:  0.00000    40.00000   
actual_reward:  0.11370    0.11370    0.11370    0.11370    0.11370    0.11370   
state_plan: <helper.State object at 0x7fad1cf0c640>   
plan: L8   
mass_type: 0   
waiting_time:  523.00000   
time_since_last_used_node:  1.00000   
mass_end:  40.00000   
driving_time:  532.40000   
plan_reward:  13.60253   
coffee_state: [ 4.75357143 10.          9.96071429 20.31867027]   
coffee_pred: tensor([15.3204, 18.9698], grad_fn=<AddBackward0>)   

###3### start: 01:06:03
full_route: full_reward: state_info: start_end_time:  3963.00000    4837.00000   
actual_route: L8   N7   L17   N16   L15   N14   N13   N23   N33   N43   N53   D63   
mass:  40.00000   
actual_reward:  1.14286    1.14286    1.14286    1.14286    1.14286    1.14286    1.14286    1.14286    1.14286    1.14286    1.14286   
state_plan: <helper.State object at 0x7faccf724a30>   
plan: D63   
mass_type: 0   
waiting_time:  0.00000   
time_since_last_used_node:  43.00000   
mass_end:  0.00000   
driving_time:  840.00000   
plan_reward:  12.75490   

