###0### start: 00:00:00
full_route: full_reward: state_info: start_end_time:  0.00000    2002.00000   
actual_route: P83   N82   L72   
mass:  0.00000    40.00000   
actual_reward:  0.06665    0.06665   
plan: L72   
mass_type: 0   
state_plan: <helper.State object at 0x7faccf3cf040>   
waiting_time:  1518.00000   
time_since_last_used_node:  1.00000   
mass_end:  40.00000   
driving_time:  282.40000   
plan_reward:  17.22175   
coffee_state: [ 2.52142857 10.          9.13214286 17.87832642]   
coffee_pred: tensor([15.4986, 19.7696], grad_fn=<AddBackward0>)   

###1### start: 00:33:22
full_route: full_reward: state_info: start_end_time:  2002.00000    2353.00000   
actual_route: L72   N62   N61   D60   
mass:  40.00000    0.00000   
actual_reward:  10.38149    10.38149    10.38149   
state_plan: <helper.State object at 0x7facfb0bd8b0>   
plan: D60   
mass_type: 0   
waiting_time:  0.00000   
time_since_last_used_node:  161.00000   
mass_end:  0.00000   
driving_time:  319.80000   
plan_reward:  40.68168   

###2### start: 00:39:13
full_route: full_reward: state_info: start_end_time:  2353.00000    3333.00000   
actual_route: D60   N50   N40   N30   N31   L32   N33   N23   N13   N14   L15   
mass:  0.00000    40.00000   
actual_reward:  5.00635    5.00635    5.00635    5.00635    5.00635    5.00635    5.00635    5.00635    5.00635    5.00635   
state_plan: <helper.State object at 0x7fad1cf6d0d0>   
plan: L15   
mass_type: 0   
waiting_time:  0.00000   
time_since_last_used_node:  192.00000   
mass_end:  40.00000   
driving_time:  787.00000   
plan_reward:  11.36642   
coffee_state: [ 7.02678571 10.          9.63214286  9.47886086]   
coffee_pred: tensor([11.9085, 12.8018], grad_fn=<AddBackward0>)   

###3### start: 00:55:33
full_route: full_reward: state_info: start_end_time:  3333.00000    3959.00000   
actual_route: L15   N14   N13   N23   N33   N43   N53   D63   
mass:  40.00000   
actual_reward:  1.75143    1.75143    1.75143    1.75143    1.75143    1.75143    1.75143   
state_plan: <helper.State object at 0x7facfae65bb0>   
plan: D63   
mass_type: 0   
waiting_time:  0.00000   
time_since_last_used_node:  47.00000   
mass_end:  0.00000   
driving_time:  593.80000   
plan_reward:  16.81313   

