###0### start: 00:00:00
full_route: full_reward: state_info: start_end_time:  0.00000    2031.00000   
actual_route: P83   N73   D63   N53   N43   N33   N23   N13   N14   L15   N16   L17   
mass:  0.00000    40.00000   
actual_reward:  0.06612    0.06612    0.06612    0.06612    0.06612    0.06612    0.06612    0.06612    0.06612    0.06612    0.06612   
plan: L17   
mass_type: 0   
state_plan: <helper.State object at 0x7facc110e880>   
waiting_time:  760.00000   
time_since_last_used_node:  1.00000   
mass_end:  40.00000   
driving_time:  1054.80000   
plan_reward:  7.07188   
coffee_state: [ 9.41785714 10.         14.71964286 11.72463989]   
coffee_pred: tensor([12.2229, 13.1644], grad_fn=<AddBackward0>)   

###1### start: 00:33:51
full_route: full_reward: state_info: start_end_time:  2031.00000    2530.00000   
actual_route: L17   N27   N37   N47   D57   
mass:  40.00000    0.00000   
actual_reward:  5.77911    5.77911    5.77911    5.77911   
state_plan: <helper.State object at 0x7faccf86e730>   
plan: D57   
mass_type: 0   
waiting_time:  0.00000   
time_since_last_used_node:  130.00000   
mass_end:  0.00000   
driving_time:  467.20000   
plan_reward:  16.95777   

###2### start: 00:42:10
full_route: full_reward: state_info: start_end_time:  2530.00000    3446.00000   
actual_route: D57   N47   N37   N27   L17   N7   L8   
mass:  0.00000    40.00000   
actual_reward:  0.16588    0.16588    0.16588    0.16588    0.16588    0.16588   
state_plan: <helper.State object at 0x7faccf76b9a0>   
plan: L8   
mass_type: 0   
waiting_time:  191.00000   
time_since_last_used_node:  1.00000   
mass_end:  40.00000   
driving_time:  532.40000   
plan_reward:  14.61732   
coffee_state: [ 4.75357143  9.35        9.63392857 13.62023926]   
coffee_pred: tensor([10.7906, 13.0011], grad_fn=<AddBackward0>)   

###3### start: 00:57:26
full_route: full_reward: state_info: start_end_time:  3446.00000    4320.00000   
actual_route: L8   N7   L17   N16   L15   N14   N13   N23   N33   N43   N53   D63   
mass:  40.00000   
actual_reward:  3.95238    3.95238    3.95238    3.95238    3.95238    3.95238    3.95238    3.95238    3.95238    3.95238    3.95238   
state_plan: <helper.State object at 0x7faccf8e1910>   
plan: D63   
mass_type: 0   
waiting_time:  0.00000   
time_since_last_used_node:  161.00000   
mass_end:  0.00000   
driving_time:  840.00000   
plan_reward:  12.75490   

