###0### start: 00:00:00
full_route: full_reward: state_info: start_end_time:  0.00000    1674.00000   
actual_route: P83   N84   N85   N86   N87   L97   
mass:  0.00000    40.00000   
actual_reward:  0.08192    0.08192    0.08192    0.08192    0.08192   
plan: L97   
mass_type: 0   
state_plan: <helper.State object at 0x7facc0f49ca0>   
waiting_time:  940.00000   
time_since_last_used_node:  1.00000   
mass_end:  40.00000   
driving_time:  524.80000   
plan_reward:  12.65958   
coffee_state: [ 4.68571429 10.         14.44642857 14.16266537]   
coffee_pred: tensor([12.7373, 16.2868], grad_fn=<AddBackward0>)   

###1### start: 00:27:54
full_route: full_reward: state_info: start_end_time:  1674.00000    2260.00000   
actual_route: L97   N87   N86   N85   N75   N74   N73   D63   
mass:  40.00000    0.00000   
actual_reward:  0.21692    0.21692    0.21692    0.21692    0.21692    0.21692    0.21692   
state_plan: <helper.State object at 0x7faccf88f640>   
plan: D63   
mass_type: 0   
waiting_time:  13.00000   
time_since_last_used_node:  1.00000   
mass_end:  0.00000   
driving_time:  540.20000   
plan_reward:  21.67611   

###2### start: 00:37:40
full_route: full_reward: state_info: start_end_time:  2260.00000    3008.00000   
actual_route: D63   N53   N43   N33   L32   
mass:  0.00000    40.00000   
actual_reward:  0.21544    0.21544    0.21544    0.21544   
state_plan: <helper.State object at 0x7facc1278f70>   
plan: L32   
mass_type: 0   
waiting_time:  221.00000   
time_since_last_used_node:  1.00000   
mass_end:  40.00000   
driving_time:  336.00000   
plan_reward:  22.36164   
coffee_state: [ 3.         10.          7.83035714 18.80725861]   
coffee_pred: tensor([13.9741, 17.8235], grad_fn=<AddBackward0>)   

###3### start: 00:50:08
full_route: full_reward: state_info: start_end_time:  3008.00000    3503.00000   
actual_route: L32   N31   N30   N40   N50   D60   
mass:  40.00000   
actual_reward:  7.16135    7.16135    7.16135    7.16135    7.16135   
state_plan: <helper.State object at 0x7facfb0bdeb0>   
plan: D60   
mass_type: 0   
waiting_time:  0.00000   
time_since_last_used_node:  161.00000   
mass_end:  0.00000   
driving_time:  463.60000   
plan_reward:  28.06299   

